1 1 1 1 4 1
2 0 1 2 0 1
3 1 1 3 2 1
4 1 1 1 4 1
5 1 1 3 4 0
6 0 1 4 0 0
7 0 1 4 0 1
8 0 1 3 0 0
9 1 1 3 4 1
10 1 1 3 2 0
11 0 1 4 0 1
12 0 1 3 0 1
13 0 1 3 0 1
14 1 1 1 2 0
15 1 1 3 2 0
16 0 1 1 0 0
17 0 1 2 0 1
18 1 1 3 4 1
19 1 1 1 2 0
20 1 1 3 4 1
21 0 1 2 0 1
22 1 1 1 4 1
23 0 1 4 0 1
24 1 1 3 2 1
25 1 1 1 2 1
26 0 1 1 0 1
27 1 1 3 2 1
28 0 1 2 0 1
29 0 1 2 0 1
30 1 1 1 2 1
31 0 1 3 0 1
32 1 1 1 2 1
33 0 1 4 0 1
34 1 1 1 4 0
35 1 1 1 2 0
36 0 1 1 0 0
37 1 1 3 4 1
38 0 1 2 0 1
39 1 1 1 4 0
40 0 1 1 0 1
41 0 1 4 0 1
42 1 1 1 4 1
43 1 1 1 2 0
44 0 1 4 0 0
45 1 1 3 2 1
46 0 1 2 0 1
47 0 1 2 0 0
48 0 1 1 0 0
49 1 1 1 2 1
50 1 1 3 4 0
51 0 1 4 0 0
52 0 1 1 0 1
53 1 1 3 2 0
54 1 1 3 4 1
55 0 1 4 0 0
56 1 1 3 4 1
57 1 1 1 4 1
58 0 1 3 0 1
59 0 1 3 0 0
60 0 1 1 0 1
