1 6 14222
1 104 15223
1 11 15802
2 6 16811
2 110 17812
2 11 18282
3 6 19291
3 102 20292
3 11 20750
4 6 21762
4 104 22763
4 11 23359
5 6 24365
5 104 25366
5 11 25977
6 6 26984
6 110 27985
6 11 28419
7 6 29426
7 110 30427
7 11 30917
8 6 31924
8 100 32924
8 11 33530
9 6 34538
9 104 35539
9 11 35994
10 6 37000
10 102 38000
10 11 38597
11 6 39610
11 110 40610
11 11 41229
12 6 42236
12 100 43237
12 11 43851
13 6 44864
13 100 45864
13 11 46286
14 6 47298
14 102 48299
14 11 48760
15 6 49767
15 102 50768
15 11 51223
16 6 52230
16 100 53231
16 11 53861
17 6 54868
17 110 55869
17 11 56297
18 6 57306
18 104 58307
18 11 58941
19 6 59953
19 102 60954
19 11 62394
20 6 63400
20 104 64401
20 11 64915
21 6 65921
21 110 66922
21 11 67400
22 6 68412
22 104 69413
22 11 69965
23 6 70972
23 110 71973
23 11 72417
24 6 73423
24 102 74423
24 11 74917
25 6 75924
25 102 76925
25 11 77579
26 6 78585
26 100 79586
26 11 80201
27 6 81213
27 102 82213
27 11 82829
28 6 83836
28 110 84837
28 11 85312
29 6 86323
29 110 87324
29 11 87751
30 6 88763
30 102 89764
30 11 90215
31 6 91222
31 100 92222
31 11 92862
32 6 93869
32 102 94870
32 11 95302
33 6 96309
33 110 97309
33 11 98006
34 6 99016
34 104 100017
34 11 100695
35 6 101707
35 102 102708
35 11 103350
36 6 104362
36 100 105363
36 11 105964
37 6 106975
37 104 107976
37 11 108632
38 6 109644
38 110 110645
38 11 111109
39 6 112120
39 104 113121
39 11 113788
40 6 114797
40 100 115798
40 11 116377
41 6 117390
41 110 118391
41 11 119016
42 6 120029
42 104 121030
42 11 121644
43 6 122658
43 102 123659
43 11 124278
44 6 125289
44 110 126290
44 11 126758
45 6 127764
45 102 128765
45 11 129485
46 6 130492
46 110 131492
46 11 131955
47 6 132960
47 110 133960
47 11 134418
48 6 135424
48 100 136425
48 11 137101
49 6 138108
49 102 139109
49 11 139560
50 6 140567
50 104 141567
50 11 142185
51 6 143192
51 110 144193
51 11 144668
52 6 145674
52 100 146675
52 11 147264
53 6 148278
53 102 149279
53 11 149924
54 6 150938
54 104 151939
54 11 152419
55 6 153428
55 110 154429
55 11 155116
56 6 156123
56 104 157123
56 11 157549
57 6 158556
57 104 159556
57 11 160001
58 6 161008
58 100 162009
58 11 162614
59 6 163621
59 100 164621
59 11 165292
60 6 166304
60 100 167305
60 11 167787
