1 6 24673
1 102 25674
1 11 26463
2 6 27476
2 110 28476
2 11 29049
3 6 30056
3 100 31057
3 11 31651
4 6 32664
4 102 33664
4 11 34304
5 6 35311
5 104 36312
5 11 36798
6 6 37808
6 110 38808
6 11 39216
7 6 40226
7 100 41227
7 11 41716
8 6 42726
8 104 43727
8 11 44189
9 6 45195
9 104 46196
9 12 46620
10 6 47633
10 110 48633
10 11 49117
11 6 50123
11 110 51123
11 11 51557
12 6 52569
12 100 53570
12 11 54146
13 6 55153
13 102 56154
13 11 56886
14 6 57893
14 104 58894
14 11 59353
15 6 60360
15 100 61361
15 11 62000
16 6 63007
16 104 64008
16 11 64681
17 6 65692
17 100 66693
17 11 67336
18 6 68342
18 102 69342
18 11 69828
19 6 70838
19 110 71839
19 11 72545
20 6 73558
20 102 74559
20 11 75141
21 6 76148
21 100 77149
21 11 77624
22 6 78636
22 100 79637
22 11 80110
23 6 81118
23 102 82119
23 11 82705
24 6 83712
24 100 84713
24 11 85140
25 6 86150
25 104 87151
25 11 87602
26 6 88615
26 110 89615
26 11 90090
27 6 91097
27 102 92098
27 12 92519
28 6 93526
28 104 94526
28 11 95157
29 6 96164
29 100 97165
29 11 97605
30 6 98610
30 110 99610
30 11 100189
31 6 101196
31 104 102197
31 11 103109
32 6 104116
32 102 105117
32 11 105582
33 6 106591
33 104 107592
33 11 108043
34 6 109055
34 100 110056
34 11 110752
35 6 111757
35 110 112758
35 11 113196
36 6 114202
36 102 115202
36 11 115814
37 6 116828
37 102 117829
37 11 118442
38 6 119452
38 100 120453
38 11 121076
39 6 122088
39 110 123089
39 11 123725
40 6 124732
40 102 125732
40 11 126223
41 6 127230
41 104 128231
41 11 128689
42 6 129696
42 110 130697
42 11 131370
43 6 132383
43 104 133383
43 11 133808
44 6 134820
44 102 135821
44 11 136410
45 6 137424
45 100 138425
45 11 139136
46 6 140149
46 102 141150
46 11 141743
47 6 142751
47 102 143752
47 11 144135
48 6 145145
48 100 146146
48 11 146727
49 6 147733
49 110 148733
49 11 149163
50 6 150176
50 110 151177
50 11 151699
51 6 152713
51 104 153714
51 11 154068
52 6 155077
52 104 156078
52 11 156566
53 6 157573
53 100 158574
53 11 158986
54 6 159992
54 102 160992
54 11 161451
55 6 162457
55 110 163458
55 11 163903
56 6 164916
56 104 165917
56 12 166332
57 6 167339
57 100 168340
57 11 168763
58 6 169770
58 110 170770
58 11 171362
59 6 172374
59 110 173375
59 11 173778
60 6 174791
60 104 175791
60 11 176196
