1 1 1 1 2 1
2 0 1 2 0 1
3 0 1 3 0 0
4 1 1 3 2 1
5 1 1 3 4 0
6 0 1 4 0 0
7 0 1 3 0 0
8 1 1 1 4 1
9 1 2 3 4 1
10 0 1 2 0 0
11 0 1 2 0 1
12 0 1 1 0 0
13 1 1 3 2 0
14 1 1 1 4 0
15 0 1 3 0 1
16 1 1 1 4 0
17 0 1 3 0 0
18 1 1 3 2 1
19 0 1 2 0 0
20 1 1 3 2 1
21 0 1 3 0 0
22 0 1 3 0 1
23 1 1 1 2 1
24 0 1 1 0 1
25 1 1 3 4 0
26 0 1 2 0 1
27 1 2 3 2 1
28 1 1 1 4 1
29 0 1 3 0 0
30 0 1 2 0 0
31 1 1 1 4 0
32 1 1 1 2 0
33 1 1 1 4 1
34 0 1 3 0 1
35 0 1 2 0 0
36 1 1 3 2 0
37 1 1 1 2 0
38 0 1 3 0 1
39 0 1 2 0 1
40 1 1 1 2 1
41 1 1 3 4 1
42 0 1 4 0 1
43 1 1 1 4 1
44 1 1 3 2 1
45 0 1 3 0 0
46 1 1 3 2 0
47 1 1 1 2 0
48 0 1 3 0 1
49 0 1 4 0 0
50 0 1 4 0 0
51 1 1 3 4 1
52 1 1 3 4 1
53 0 1 3 0 1
54 1 1 1 2 1
55 0 1 4 0 1
56 1 2 3 4 0
57 0 1 3 0 0
58 0 1 2 0 1
59 0 1 4 0 0
60 1 1 1 4 1
