1 6 9838
1 102 10839
1 11 11397
2 6 12407
2 110 13408
2 11 13816
3 6 14822
3 104 15823
3 11 16203
4 6 17214
4 100 18215
4 11 18667
5 6 19674
5 102 20674
5 11 21152
6 6 22159
6 110 23160
6 11 23745
7 6 24756
7 110 25757
7 11 26205
8 6 27217
8 110 28218
8 11 28590
9 6 29602
9 102 30603
9 11 31074
10 6 32082
10 102 33083
10 11 33801
11 6 34811
11 110 35812
11 11 36261
12 6 37267
12 100 38268
12 12 38736
13 6 39742
13 102 40742
13 11 41460
14 6 42472
14 104 43473
14 11 43943
15 6 44954
15 100 45955
15 11 46718
16 6 47729
16 100 48730
16 11 49211
17 6 50217
17 102 51217
17 11 51802
18 6 52813
18 102 53814
18 11 54284
19 6 55291
19 100 56291
19 11 56885
20 6 57891
20 110 58892
20 11 59337
21 6 60343
21 102 61343
21 11 61800
22 6 62806
22 104 63807
22 12 64227
23 6 65234
23 110 66235
23 11 66853
24 6 67859
24 104 68860
24 11 69303
25 6 70310
25 104 71310
25 11 71765
26 6 72776
26 104 73777
26 11 74239
27 6 75252
27 110 76252
27 11 77106
28 6 78115
28 110 79115
28 11 79597
29 6 80603
29 110 81604
29 11 82060
30 6 83066
30 102 84066
30 11 84654
31 6 85666
31 110 86667
31 11 87242
32 6 88254
32 104 89254
32 11 89734
33 6 90751
33 110 91751
33 11 92207
34 6 93214
34 104 94215
34 11 94650
35 6 95663
35 102 96663
35 11 97325
36 6 98337
36 104 99337
36 11 99767
37 6 100777
37 110 101778
37 11 102164
38 6 103174
38 110 104175
38 11 104604
39 6 105611
39 104 106611
39 11 107047
40 6 108053
40 100 109054
40 11 109531
41 6 110538
41 110 111538
41 11 112007
42 6 113017
42 104 114018
42 12 114436
43 6 115445
43 104 116446
43 11 117063
44 6 118075
44 100 119076
44 11 119500
45 6 120506
45 110 121506
45 11 121987
46 6 122998
46 102 123999
46 11 124485
47 6 125498
47 102 126499
47 11 127066
48 6 128078
48 102 129079
48 11 129535
49 6 130541
49 110 131541
49 12 132170
50 6 133183
50 104 134184
50 12 134666
51 6 135673
51 100 136674
51 11 137292
52 6 138303
52 110 139304
52 11 139751
53 6 140757
53 102 141758
53 11 142352
54 6 143359
54 110 144360
54 11 144976
55 6 145984
55 104 146984
55 11 147611
56 6 148620
56 100 149621
56 11 150292
57 6 151304
57 100 152305
57 11 152896
58 6 153903
58 102 154903
58 11 155388
59 6 156400
59 104 157401
59 11 158051
60 6 159064
60 110 160065
60 11 160649
