1 1 1 1 2 1
2 0 1 4 0 0
3 1 1 3 4 0
4 0 1 1 0 1
5 1 1 1 2 1
6 0 1 2 0 1
7 0 1 4 0 0
8 0 1 2 0 1
9 1 1 1 2 0
10 1 1 1 2 1
11 0 1 2 0 1
12 0 2 1 0 0
13 1 1 3 2 0
14 1 1 1 4 0
15 0 1 3 0 0
16 0 1 1 0 0
17 1 1 1 2 1
18 1 1 1 2 0
19 0 1 1 0 0
20 0 1 2 0 0
21 1 1 3 2 1
22 1 2 3 4 1
23 0 1 4 0 1
24 1 1 1 4 0
25 1 1 1 4 1
26 1 1 3 4 0
27 0 1 4 0 1
28 0 1 4 0 0
29 0 1 2 0 1
30 1 1 1 2 1
31 0 1 2 0 0
32 1 1 1 4 0
33 0 1 4 0 0
34 1 1 1 4 1
35 1 1 3 2 0
36 1 1 1 4 1
37 0 1 4 0 0
38 0 1 4 0 0
39 1 1 3 4 0
40 0 1 1 0 0
41 0 1 2 0 0
42 1 2 3 4 1
43 1 1 3 4 1
44 0 1 3 0 0
45 0 1 2 0 1
46 1 1 1 2 0
47 1 1 3 2 0
48 1 1 3 2 0
49 0 2 4 0 1
50 1 2 3 4 1
51 0 1 1 0 0
52 0 1 4 0 0
53 1 1 3 2 1
54 0 1 2 0 1
55 1 1 3 4 1
56 0 1 3 0 0
57 0 1 3 0 0
58 1 1 1 2 1
59 1 1 3 4 1
60 0 1 2 0 0
