1 6 34597
1 102 35598
1 11 36362
2 6 37369
2 110 38369
2 11 38840
3 6 39846
3 100 40847
3 11 41523
4 6 42534
4 104 43535
4 11 44152
5 6 45162
5 102 46162
5 11 46645
6 6 47652
6 104 48653
6 12 49110
7 6 50120
7 110 51120
7 11 51785
8 6 52791
8 110 53791
8 11 54228
9 6 55240
9 104 56241
9 11 56865
10 6 57875
10 104 58876
10 11 59326
11 6 60335
11 100 61335
11 11 61934
12 6 62941
12 104 63942
12 11 64541
13 6 65548
13 110 66548
13 11 66964
14 6 67971
14 102 68971
14 11 69395
15 6 70402
15 102 71402
15 11 72013
16 6 73023
16 110 74024
16 11 74447
17 6 75453
17 102 76454
17 11 77115
18 6 78122
18 104 79123
18 11 79588
19 6 80594
19 104 81594
19 11 82281
20 6 83288
20 110 84288
20 11 84870
21 6 85882
21 100 86883
21 11 87326
22 6 88333
22 104 89334
22 11 89803
23 6 90809
23 104 91809
23 11 92267
24 6 93274
24 110 94274
24 11 94730
25 6 95740
25 100 96740
25 11 97215
26 6 98222
26 104 99222
26 11 99625
27 6 100637
27 110 101637
27 11 102262
28 6 103271
28 102 104271
28 11 104709
29 6 105724
29 102 106724
29 11 107126
30 6 108135
30 110 109136
30 11 109612
31 6 110618
31 110 111618
31 11 112065
32 6 113071
32 102 114071
32 11 114654
33 6 115665
33 104 116666
33 11 117269
34 6 118281
34 100 119282
34 11 119715
35 6 120727
35 102 121728
35 11 122123
36 6 123135
36 110 124136
36 11 124520
37 6 125534
37 104 126535
37 11 126870
38 6 127880
38 110 128880
38 11 129357
39 6 130366
39 100 131366
39 11 131763
40 6 132770
40 102 133770
40 12 134170
41 6 135176
41 100 136176
41 11 136694
42 6 137704
42 110 138705
42 11 139216
43 6 140224
43 102 141224
43 11 141884
44 6 142897
44 110 143898
44 11 144482
45 6 145487
45 110 146487
45 11 146953
46 6 147966
46 104 148967
46 11 149585
47 6 150592
47 102 151593
47 11 152176
48 6 153182
48 100 154183
48 11 154612
49 6 155625
49 104 156626
49 11 157228
50 6 158241
50 100 159242
50 11 159700
51 6 160713
51 110 161714
51 11 162211
52 6 163223
52 102 164224
52 11 164867
53 6 165878
53 110 166879
53 11 167360
54 6 168370
54 100 169371
54 11 169977
55 6 170983
55 102 171983
55 11 172606
56 6 173613
56 102 174614
56 11 175042
57 6 176054
57 110 177055
57 11 177473
58 6 178483
58 100 179484
58 11 180069
59 6 181079
59 104 182080
59 11 182723
60 6 183735
60 100 184736
60 11 185203
