1 1 1 3 2 1
2 0 1 4 0 0
3 0 1 3 0 0
4 1 1 1 4 1
5 1 1 3 2 1
6 1 2 3 4 1
7 0 1 2 0 0
8 0 1 2 0 1
9 1 1 3 4 1
10 1 1 1 4 0
11 0 1 1 0 1
12 1 1 1 4 0
13 0 1 2 0 1
14 1 1 1 2 0
15 1 1 3 2 1
16 0 1 2 0 1
17 1 1 3 2 0
18 1 1 1 4 1
19 1 1 3 4 0
20 0 1 4 0 1
21 0 1 3 0 0
22 1 1 1 4 1
23 1 1 1 4 0
24 0 1 2 0 1
25 0 1 3 0 0
26 1 1 3 4 0
27 0 1 4 0 1
28 1 1 1 2 1
29 1 1 1 2 1
30 0 1 2 0 1
31 0 1 2 0 1
32 1 1 1 2 0
33 1 1 3 4 0
34 0 1 1 0 1
35 1 1 1 2 1
36 0 1 4 0 0
37 1 1 1 4 1
38 0 1 4 0 1
39 0 1 1 0 0
40 1 2 1 2 1
41 0 1 3 0 1
42 0 1 2 0 0
43 1 1 3 2 1
44 0 1 4 0 0
45 0 1 4 0 0
46 1 1 3 4 0
47 1 1 3 2 1
48 0 1 1 0 0
49 1 1 3 4 0
50 0 1 3 0 1
51 0 1 4 0 0
52 1 1 3 2 1
53 0 1 2 0 1
54 0 1 3 0 0
55 1 1 1 2 0
56 1 1 1 2 0
57 0 1 4 0 0
58 0 1 3 0 0
59 1 1 3 4 1
60 0 1 1 0 1
